15
input	3
dense	8
relu	0
batchnormalization	0
dense	8
relu	0
batchnormalization	0
dense	8
relu	0
batchnormalization	0
dense	8
relu	0
batchnormalization	0
dense	2
linear	0
0.0010000000474974513
7.9966885e-01	3.8074076e-01	-4.8952577e-01	1.2749662e+00	1.1353809e+00	-3.3671263e-01	1.2347774e-01	1.8234235e-01
2.2642982e-01	2.4655980e-01	9.0354466e-01	-5.0859591e-03	1.1665086e-01	8.3450479e-03	4.8877016e-01	-4.1167164e-01
-4.1186348e-02	5.2207696e-01	5.8237469e-01	-6.3916534e-02	2.3478712e-01	2.4858257e-01	1.7726392e-01	2.2072251e-01
2.7376777e-01	-1.1323141e-01	8.3540726e-01	-3.1616598e-02	-2.2718564e-01	1.3508683e-01	1.1000082e+00	-1.8422525e-01
-8.2331104e-03	-4.0652677e-03
-2.7586398e-01	7.1561003e-01	3.7271306e-01	-9.9969663e-02	-2.4896666e-01	1.2173902e+00	5.7300553e-02	2.8472382e-01	6.9209164e-01	-6.0246819e-01	-3.9186932e-02	-4.3535179e-01	1.0100859e+00	8.3840013e-02	-1.7839953e-01	2.3681527e-01	7.7675320e-02	8.4479851e-01	9.1289431e-02	2.6612443e-01	1.2292514e+00	-2.9537541e-01	1.0337231e+00	-5.4714721e-02
3.2196942e-01	3.1230095e-01	3.0278206e-02	7.7148050e-01	-8.5984290e-01	-3.6641840e-02	6.3865595e-02	2.2729544e-01	1.9679338e-01	9.4683641e-01	3.6848670e-01	-2.0606402e-01	7.1143851e-02	-3.2265976e-02	-5.7499790e-01	1.9592875e-01	1.2685320e-01	9.2638862e-01	1.0010404e-02	-3.4753612e-01	4.8004579e-02	-1.6583554e-01	-3.5252962e-01	-2.5886360e-01	-8.8519138e-01	-1.9465537e-01	3.3764362e-01	-2.0089367e-01	-2.2602522e-01	-4.2925680e-01	6.4778823e-01	-1.9030690e-01	-4.5965442e-01	-3.4702593e-01	1.2682591e-01	-6.9499654e-01	8.0065387e-01	2.0690169e-03	2.8005502e-01	-6.1617434e-02	-2.2976856e-01	2.9954386e-01	2.7369740e-03	7.9409707e-01	5.3415507e-01	3.7825546e-01	-1.0983966e-01	1.9131784e-01	8.2320996e-02	3.4150500e-02	5.4801071e-01	7.1364295e-01	3.9496684e-01	-7.2991163e-01	-3.6711371e-01	-6.5790641e-01	-2.7813200e-02	-1.1732943e-01	9.7027449e-03	4.6847381e-02	1.5699657e+00	5.9740996e-01	-4.2023721e-01	-2.2274166e-02
3.5147883e-02	7.5184464e-01	2.0812297e-01	-2.2478390e-01	1.2960638e-01	-3.4985931e-03	1.0743896e+00	4.4388864e-02	1.2616448e+00	-1.9184959e-01	-1.3479104e-02	-3.4004726e-02	-2.6734848e-02	-3.9163926e-03	-1.4376406e-01	7.1609788e-02	-1.4944535e-02	5.3129876e-01	-2.9042450e-01	8.3354801e-02	4.9208972e-01	-7.2277719e-01	-5.2752531e-01	5.7838029e-01	-9.9712288e-01	4.6772011e-02	-3.5134679e-01	7.0764393e-02	7.3322111e-01	-1.5466381e+00	6.9579601e-02	-4.3151596e-01	-7.2164044e-02	-1.3532214e-01	-4.8915535e-02	8.4227463e-03	7.7701992e-01	-3.1822778e-03	-3.6287469e-01	8.1252539e-01	4.5218088e-02	5.2362972e-01	-7.4448842e-01	-4.0573582e-01	-3.1164593e-01	-1.8758696e-01	-2.5458938e-01	-3.3411741e-02	-5.3987360e-01	-2.5443643e-01	7.8404945e-01	-8.3141260e-02	4.7433808e-01	7.7469760e-01	1.1824453e-01	6.4247704e-01	-7.1306205e-01	-8.2815087e-01	2.7566305e-01	-5.7999935e-02	5.1119405e-01	-3.3391368e-01	2.5967249e-01	-4.6723208e-01
2.2415896e-01	5.6003428e-01	-1.0392884e-01	1.4044676e-02	5.3078288e-01	2.6986596e-01	5.1557970e-01	3.9253545e-01	2.8633542e-02	8.4570724e-01	9.8035350e-02	-3.0563286e-01	7.2509497e-02	-5.5302191e-01	-2.6744172e-01	6.2365872e-01	7.8552105e-03	-2.4271195e-01	-1.0965530e-01	-5.5895674e-01	6.4881378e-01	4.8424456e-02	4.4660607e-01	3.3511388e-01	-1.0151625e+00	2.0285724e-02	1.1434273e-01	6.5810567e-01	1.7744195e-01	-2.7144909e-01	2.0300251e-02	-5.2147090e-01	2.4744341e-01	8.9535572e-02	-1.3356692e-01	1.2480287e-01	1.8558319e-01	1.1062815e+00	5.6850392e-01	1.8545935e-01	-7.7528936e-01	-9.2612125e-02	-4.2222825e-01	3.8824546e-01	-5.9728807e-01	2.5245395e-01	3.4783059e-01	-2.3107608e-01	-6.7672975e-02	-1.4387763e-02	4.9879125e-01	6.4019758e-01	4.1233629e-02	-2.6171327e-01	-3.2990977e-01	-1.8810265e-01	6.3390690e-01	-2.5232670e-01	-1.4881386e-01	-1.3808106e-01	6.7736214e-01	5.2086627e-01	2.9197359e-01	6.3598228e-01
-5.5275935e-01	2.4786083e-01	2.5634247e-01	-2.8132945e-01	-3.9574397e-01	-2.5442541e-01	3.1759155e-01	5.4063988e-01	-1.6115949e-01	-3.5512173e-01	6.8680215e-01	1.0560632e-01	3.1976661e-01	1.6998108e-01	4.1943249e-01	-7.0315629e-02
2.0750796e-02	4.8502484e-01	-3.7247723e-04	-3.6901027e-01	-3.8765226e-02	-1.6569319e-01	7.0677169e-02	-3.9108932e-01
9.0688157e-01	1.3151917e+00	5.1516992e-01	1.1807140e+00	1.2499825e+00	7.7855045e-01	9.5860952e-01	6.4287412e-01
8.1888342e-01	7.6929998e-01	1.1358907e-01	1.2843575e+00	1.2437178e+00	2.1279567e-01	5.9607142e-01	4.0144941e-01
4.8308977e-01	6.8044233e-01	6.9029838e-02	4.9356747e-01	7.5508463e-01	1.1853569e-01	5.4451108e-01	6.0186833e-01
1.3886164e-01	2.3032788e-02	-6.9260113e-02	3.6167491e-02	2.2413300e-01	9.4511896e-02	-2.6266244e-01	4.1313961e-01
9.4478923e-01	1.3070089e+00	1.1745152e+00	7.3376024e-01	9.5537496e-01	6.6915786e-01	9.4186407e-01	8.3794689e-01
7.7638817e-01	8.1615841e-01	1.5881834e+00	3.7880522e-01	8.3703929e-01	8.8035725e-02	9.3616718e-01	5.7410884e-01
1.3001306e+00	6.8475175e-01	1.1378796e+00	1.0249587e-01	8.4285009e-01	4.6107650e-02	6.4413416e-01	7.5954205e-01
1.3649419e-01	-4.9019422e-02	1.4861149e-01	2.1029483e-01	2.1947464e-01	-9.4836550e-03	2.6405609e-01	4.5847133e-02
7.7431190e-01	1.2152504e+00	7.1946084e-01	8.9667881e-01	1.1010419e+00	1.4772155e+00	1.0010227e+00	8.0084199e-01
1.8503271e-01	7.9137272e-01	1.2431796e+00	4.9785823e-01	1.0362240e+00	4.0455088e-01	7.2728944e-01	4.8390281e-01
2.1124542e-01	1.1921891e+00	1.3282593e+00	3.2289615e-01	1.7685879e+00	1.8277495e-01	7.4311876e-01	3.6821637e-01
-3.1179050e-03	-9.0238387e-03	7.0698641e-04	5.5248104e-03	-1.0449067e-02	-1.9832817e-03	-1.3971778e-02	-4.7282665e-03
8.1534129e-01	7.0743561e-01	7.5122392e-01	6.1077607e-01	1.0329258e+00	8.3905905e-01	5.5929756e-01	5.8688551e-01
7.2195047e-01	4.0166047e-01	1.0211730e+00	3.9844865e-01	6.4522934e-01	2.4502538e-01	1.2073307e+00	6.1097246e-01
7.2234917e-01	4.1007361e-01	1.0533786e+00	3.0224165e-01	1.4137800e+00	9.7350635e-02	4.4632140e-01	7.6007634e-01
